36.07137 20 40
50.86118 20 50.86118
41.24953 20 50.86118
36.72237 20 50.86118
42.68674 20 50.86118
65.54039 20 65.54039
55.79218 20 65.54039
59.12202 20 65.54039
59.22396 20 65.54039
35.82213 20 65.54039
51.09834 20 65.54039
33.92888 20 65.54039
59.51931 20 65.54039
45.93812 20 65.54039
42.90249 20 65.54039
38.82825 20 65.54039
69.99818 20 69.99818
72.72572 20 72.72572
29.81827 20 72.72572
54.65046 20 72.72572
40.9324 20 72.72572
66.57648 20 72.72572
33.76539 20 72.72572
45.75171 20 72.72572
55.35445 20 72.72572
58.02261 20 72.72572
42.34264 20 72.72572
53.17594 20 72.72572
32.75323 20 72.72572
61.82011 20 72.72572
29.08408 20 72.72572
55.3881 20 72.72572
31.09284 20 72.72572
49.83256 20 72.72572
52.97742 20 72.72572
53.01519 20 72.72572
53.00747 20 72.72572
54.51951 20 72.72572
69.10337 20 72.72572
41.01004 20 72.72572
69.27538 20 72.72572
31.97198 20 72.72572
72.28312 20 72.72572
33.33311 20 72.72572
63.00864 20 72.72572
51.03418 20 72.72572
32.1761 20 72.72572